2.908504381775856018e-02
2.671437710523605347e-02
3.460476920008659363e-02
3.888807818293571472e-02
3.067497164011001587e-02
1.060622744262218475e-02
3.486195951700210571e-02
2.865591272711753845e-02
1.189525797963142395e-02
1.008850242942571640e-02
8.519968949258327484e-03
5.185476504266262054e-03
7.523659151047468185e-03
1.532510481774806976e-02
-3.705178387463092804e-03
3.433180972933769226e-02
-1.799312792718410492e-02
2.905832789838314056e-02
9.215272031724452972e-03
1.774234324693679810e-02
4.452604427933692932e-02
2.009971067309379578e-02
3.512043505907058716e-02
6.691709905862808228e-02
3.442006185650825500e-02
-1.181378727778792381e-03
1.830044016242027283e-02
0.000000000000000000e+00
8.771596185397356749e-05
3.243860229849815369e-02
0.000000000000000000e+00
3.161086887121200562e-02
5.129917338490486145e-02
1.041641645133495331e-02
1.104321127058938146e-04
2.094863913953304291e-03
0.000000000000000000e+00
-8.549501188099384308e-03
4.995070397853851318e-02
3.284575417637825012e-02
4.292748123407363892e-02
-1.324412971735000610e-02
-2.073030918836593628e-02
7.134075276553630829e-03
-8.902068366296589375e-04
7.616653293371200562e-02
5.992183834314346313e-02
0.000000000000000000e+00
3.706181049346923828e-02
5.115450918674468994e-02
